

1
2
3
4
5
6
8
9
10
12
15
16
18
20
24
25
27
30
32
36
40
45
48
50
54
60
64
72
75
80
81
90
96
100
108
120
128
135
144
150
160
162
180
192
200
216
225
240
243
256
270
288
300
320
324
360
384
400
405
432
450
480
486
512
540
576
600
640
648
675
720
768
800
810
864
900
960
972
1024
1080
1152
1200
1215
1280
1296
1350
1440
1536
1600
1620
1728
1800
1920
1944
2025
2048
2160
2304
2400
2430
2560
2592
2700
2880
3072
3200
3240
3456
3600
3840
3888
4050
4096
4320
4608
4800
4860
5120
5184
5400
5760
6075
6144
6400
6480
6912
7200
7680
7776
8100
8192
8640
9216
9600
9720
10240
10368
10800
11520
12150
12288
12800
12960
13824
14400
15360
15552
16200
16384
17280
18432
19200
19440
20480
20736
21600
23040
24300
24576
25600
25920
27648
28800
30720
31104
32400
32768
34560
36864
38400
38880
40960
41472
43200
46080
48600
49152
51200
51840
55296
57600
61440
62208
64800
65536
69120
73728
76800
77760
81920
82944
86400
92160
97200
98304
103680
110592
115200
122880
124416
129600
131072
138240
147456
153600
155520
163840
165888
172800
184320
194400
196608
207360
221184
230400
245760
248832
259200
262144
276480
294912
311040
331776
345600
368640
388800
393216
414720
442368
460800
491520
497664
518400
524288
552960
589824
622080
663552
691200
737280
777600
786432
829440
884736
995328
1036800
1105920
1179648
1244160
1327104
1382400
1474560
1555200
1572864
1658880
1769472
1990656
2073600
2211840
2359296
2488320
2654208
3110400
3317760
3538944
3981312
4147200
4423680
4718592
4976640
5308416
6220800
6635520
7077888
7962624
9953280
10616832
12441600
13271040
14155776
15925248
19906560
21233664
31850496
39813120
42467328
63700992
127401984
