1
2
3
4
6
8
9
12
16
18
24
27
32
36
48
54
64
72
81
96
108
128
144
162
192
216
243
256
288
324
384
432
486
512
576
648
768
864
972
1024
1152
1296
1536
1728
1944
2048
2304
2592
3072
3456
3888
4096
4608
5184
6144
6912
7776
8192
9216
10368
12288
13824
15552
16384
18432
20736
24576
27648
31104
32768
36864
41472
49152
55296
62208
65536
73728
82944
98304
110592
124416
131072
147456
165888
196608
221184
248832
262144
294912
331776
393216
442368
497664
524288
589824
663552
786432
884736
995328
1179648
1327104
1572864
1769472
1990656
2359296
2654208
3538944
3981312
4718592
5308416
7077888
7962624
10616832
14155776
15925248
21233664
31850496
42467328
63700992
127401984
